a1 = (-184160)*1.91*(-6.6667e-05)/(4.71*1.308);

a2 = 1+a1;

result = a1/a2